2654
3350
2007
2223
2143
3404
3007
3449
2314
3266
3327
2982
2878
3189
3056
2194
2235
3174
3057
3348
2336
2386
2913
2968
2243
2665
2141
2882
2105
2799
3307
3313
2858
2631
3177
3034
2496
2338
2815
2512
2147
2060
2769
3303
2894
3060
2353
2860
2177
2408
2230
2304
3418
2957
2913
3455
2290
2142
2516
2836
2646
3025
2568
3191
3108
3127
2049
2776
2099
2363
2416
3304
2939
2202
2902
2478
3407
2418
2397
2186
3471
2074
2286
2795
3464
2015
2154
2817
2598
3162
2412
2201
3108
2991
3200
3066
2615
3143
3104
3404
3417
3432
3477
2799
2875
2070
2833
2497
3177
2363
2042
2001
3303
3053
2314
2823
3112
2484
3090
2214
2987
2890
3091
2603
2268
2918
2085
2726
3330
2535
3235
2429
2932
2986
2869
2132
3115
2146
2571
2697
2479
2057
3181
2102
2949
2912
2690
3122
2081
2307
2674
2146
3256
2098
2125
2466
2842
3274
3100
2300
3275
3488
3297
2037
2309
2013
2466
2437
3043
2902
2194
2578
2222
3195
3346
2800
2447
2662
3088
2708
3497
2265
2722
3038
2781
3106
2803
2116
2534
3309
2663
2047
2956
2659
3412
2402
2505
3187
2841
2296
2196
2202
2270
2883
3364
2012
3029
2589
3419
3362
2415
2788
3251
2615
2067
2892
2574
3260
2261
2428
2038
2834
2692
2603
3337
3282
2052
2266
2018
3008
2362
3381
3020
3352
2321
2708
2017
3327
2401
3015
3374
3279
2514
2438
2103
2746
3078
2355
2729
2792
2215
2992
2704
3333
2632
2904
2167
2195
2292
2868
2385
2441
2117
2790
2160
3190
3163
2133
2313
2174
2128
2211
2987
3131
3314
2033
3391
2808
2188
2905
2871
2427
2054
2354
2330
2301
2748
2286
2690
2765
2854
2088
2359
2223
3276
3207
3033
2125
2416
2455
2795
2687
2943
2542
3220
2812
2432
3454
3353
3023
3209
2837
2085
3443
3219
2659
2747
2235
2241
2220
2457
2969
3442
2550
2920
3388
3222
2063
2625
2335
2916
2870
2800
2893
2580
2874
2638
2185
3436
3462
2228
2095
3414
3333
3354
3157
3469
2951
2986
2991
3030
2878
2256
3024
2766
2156
2505
2477
2489
2930
3277
2195
3407
3498
2710
3014
2734
2399
2271
3361
3098
2533
2178
2063
2577
3178
3457
3025
2074
2695
2349
2650
3232
3181
2073
2286
2630
2672
2696
2950
3050
2689
3226
2901
3416
2580
2053
2808
3363
2949
2530
2578
2141
2372
3160
2843
2275
2063
2043
3230
2048
2910
3271
2654
3392
3062
2170
3091
2953
2731
3157
2420
2447
2299
3446
2293
2294
3019
3450
3309
3189
2675
3121
2796
2070
3399
3152
3204
3368
2510
3319
3469
2425
2407
2933
2517
2050
2498
3281
2725
2010
3189
2647
3264
2818
2706
2111
2860
2842
3405
2209
2728
2417
3055
2255
3170
2382
3246
2225
2390
3083
3170
2530
2147
3226
2069
3277
3310
2393
2891
2449
2165
3326
3005
2261
2961
2755
2658
3382
2745
2249
2023
2511
3034
3116
2394
3082
3217
3179
2884
2511
2330
2389
2023
2889
2776
2961
2802
3486
2155
3142
3390
2011
2334
2823
2800
2033
3371
2143
3090
2780
2622
2993
2895
2537
2934
3358
2480
2467
2124
3446
2923
2444
2145
2626
2385
2088
2134
3378
2199
3446
3050
2852
3403
2319
2063
3299
3265
2233
3451
2677
2050
3237
3496
2296
2219
2223
2103
2745
2557
2185
3121
2562
2012
2753
2567
3338
2278
3496
2304
3117
2838
2636
2056
2404
2848
2511
2643
3172
3142
2155
3045
2441
3022
2139
2125
3369
2577
2742
2119
2122
2320
2391
2012
2531
2223
2591
2962
2316
2581
2171
2224
3310
2215
3281
2751
2595
2726
2896
2815
2972
2960
2187
2719
2284
2718
2447
3106
2678
3238
2935
3321
2311
2010
2367
2298
2507
2121
2121
2795
2816
2413
2642
2235
2794
3240
2516
3001
2337
2711
2624
2629
3286
2706
2129
3180
2594
2833
2448
3392
3189
3152
2283
2322
2003
3431
2899
2459
2156
3260
2963
2988
2861
2200
3349
2068
3233
3424
2106
2024
2666
2971
3112
3274
2316
2917
3060
2482
3118
2945
3281
2738
3079
2950
2164
3297
2107
2136
3282
2348
3173
2492
3484
2736
2060
2868
3478
2328
2932
3251
3440
3426
2916
3004
3432
2694
2282
2748
2418
2188
2128
2704
2637
2499
3163
3165
2219
3228
3195
3320
2848
2179
3165
2421
2484
2483
3342
3406
2037
2196
2128
2761
2834
3059
2707
2352
3125
3370
2554
2400
3024
3162
2993
2703
3452
3003
2019
2484
2175
2036
3271
2619
3380
2677
2795
3291
3179
3200
2934
2023
3273
2338
2260
3133
2880
2289
3148
2095
2868
2206
3043
3231
2683
3419
3374
2660
2104
2751
2419
3135
3399
3468
3085
3408
2010
3094
2955
2096
3456
3334
2098
3236
2459
3154
3222
2739
3129
2910
2265
2954
2612
2306
3400
2635
3199
3138
2791
2987
3245
2504
2684
3246
2604
2285
2458
2426
2889
3060
3330
3270
2006
2233
2309
3330
2515
3430
2882
2992
2481
2469
2265
2034
2048
3455
2607
3480
3251
3180
3415
2872
3348
2704
2556
2442
2000
2512
3103
2318
2909
2271
3109
2019
2400
2857
3213
3406
3259
2026
2968
2306
2568
2133
3269
3182
2073
2132
2346
2216
2176
2188
3064
3239
2518
2860
3493
3110
3127
2276
2819
3421
2551
3215
3406
3179
2759
2232
2440
2254
2436
2539
3146
2924
2341
2132
2461
3191
2284
3447
3033
2574
2987
3071
3384
2399
3068
2080
3026
2786
2855
2940
2158
2520
3457
3376
3368
2038
2304
2774
3073
2369
2330
3001
3193
2686
2666
2549
3084
2604
3037
2519
2733
2407
3315
2990
2011
3444
3108
3244
3425
3233
2001
2311
3192
2552
2152
3315
3263
2914
2402
2353
2495
2066
2759
2456
2970
3466
3308
3243
2072
2415
2458
2843
2240
3448
3073
3278
2187
2650
2131
2700
3235
3393
2965
3139
3129
2289
2015
2659
2883
2295
2054
2317
3365
3099
3048
3149
2827
3194
2147
2637
3255
2517
2907
2367
2110
3145
3099
2613
2494
2178